8 5
0 0 6 2. 1.
       8588.50000         0.189515000E-02
       1297.23000         0.143859000E-01
       299.296000         0.707320000E-01
       87.3771000         0.240001000
       25.6789000         0.594797000
       3.74004000         0.280802000
0 1 3 6. 1.
       42.1175000         0.113889000         0.365114000E-01
       9.62837000         0.920811000         0.237153000
       2.85332000        -0.327447000E-02     0.819702000
0 1 1 0. 1.
      0.905661000          1.00000000          1.00000000
0 1 1 0. 1.
      0.255611000          1.00000000          1.00000000
0 3 1 0. 1.
       1.29200000          1.00000000
