257 11
INPUT
11. 0 2 2 2 1 0
3.309900  91.932177 0
1.655000  -3.788764 0
2.836800  63.759486 0
1.418400  -0.647958 0
2.021300  36.116173 0
1.010700   0.219114 0
4.028600 -36.010016 0
0 0 2 2.0 1.0
      5.08739900000      -0.44174952534
      4.27097800000       0.85812466843
0 0 1 2 1.0
      2.22155251000       1.00000000000
0 0 1 0 1.0
      0.85609540000       1.00000000000
0 0 1 0 1.0
      0.28383613000       1.00000000000
0 2 4 6.0 1.0
      6.00000000000      -0.01139796092
      3.68081916150       0.14675038550
      2.32654620810      -0.35581819167
      0.64342629633       0.45834955229
0 2 1 0 1.0
      0.32461427000       1.00000000000
0 2 1 0 1.0
      0.17683631000       1.00000000000
0 3 3 1 1.0
      1.26752880180      -0.17569274035
      0.89395340284       0.25139922933
      0.33095767339       0.44603267053
0 3 1 0 1.0
      0.57911707000       1.00000000000
0 3 1 0 1.0
      0.15006509000       1.00000000000
0 4 1 0 1.0
      0.45683000000       1.00000000000
