241 11
INPUT
13. 0 2 4 4 2 0
  9.376578 165.156736 0
  4.043572  21.823951 0
  8.363609  37.249284 0
  8.166898  74.507389 0
  3.693075   5.439486 0
  3.551047  10.913252 0
  6.689108  15.214549 0
  6.537193  22.833508 0
  2.551118   3.000052 0
  2.567896   4.553734 0
  5.568285  -6.281354 0
  5.671372  -8.755644 0
0 0 2 2 1.0
  12.0000000000     -0.202195075300
  10.5000000000      0.336401059390
0 0 1 2 1.0
  3.97281720000      1.000000000000
0 0 1 0 1.0
  0.78973709000      1.000000000000
0 0 1 0 1.0
  0.32754617000      1.000000000000
0 2 4 6 1.0
  9.20562856460      0.043347689874
  4.86796321250     -0.213024792330
  1.24421557920      0.481021271360
  0.60390590312      0.539178589600
0 2 1 0 1.0
  1.05781677000      1.000000000000
0 2 1 0 1.0
  0.27033618000      1.000000000000
0 3 3 3 1.0
  4.61709758670     -0.013574476955
  1.56634384800      0.203743104960
  0.66952425826      0.429974531050
0 3 1 0 1.0
  0.43085068000      1.000000000000
0 3 1 0 1.0
  0.21829131000      1.000000000000
0 4 1 0 1.0
  0.52270000000      1.000000000000
