15 12
0 0 6 2. 1.
       77492.4000         0.781000000E-03
       11605.8000         0.606800000E-02
       2645.96000         0.311600000E-01
       754.976000         0.123431000
       248.755000         0.378209000
       91.1565000         0.563262000
0 0 3 2. 1.
       91.1565000         0.160255000
       36.2257000         0.627647000
       15.2113000         0.263849000
0 0 1 2. 1.
       4.79417000          1.00000000
0 0 1 0. 1.
       1.80793000          1.00000000
0 0 1 0. 1.
      0.356816000          1.00000000
0 0 1 0. 1.
      0.114783000          1.00000000
0 2 4 6. 1.
       384.843000         0.920600000E-02
       90.5521000         0.698740000E-01
       29.1339000         0.292470000
       10.8862000         0.728103000
0 2 2 3. 1.
       4.35259000         0.628349000
       1.77706000         0.428044000
0 2 1 0. 1.
      0.697005000          1.00000000
0 2 1 0. 1.
      0.253532000          1.00000000
0 2 1 0. 1.
      0.120000000          1.00000000
0 3 1 0. 1.
      0.550000000          1.00000000
