14 12
0 0 6 2. 1.
       69379.2300         0.757000000E-03
       10354.9400         0.593200000E-02
       2333.87960         0.310880000E-01
       657.142950         0.124967000
       214.301130         0.386897000
       77.6291680         0.554888000
0 0 3 2. 1.
       77.6291680         0.177881000
       30.6308070         0.627765000
       12.8012950         0.247623000
0 0 1 2. 1.
       3.92686600          1.00000000
0 0 1 0. 1.
       1.45234300          1.00000000
0 0 1 0. 1.
      0.256234000          1.00000000
0 0 1 0. 1.
      0.120000000          1.00000000
0 2 4 6. 1.
       335.483190         0.886600000E-02
       78.9003660         0.682990000E-01
       24.9881500         0.290958000
       9.21971100         0.732117000
0 2 2 2. 1.
       3.62114000         0.619879000
       1.45131000         0.439148000
0 2 1 0. 1.
      0.504977000          1.00000000
0 2 1 0. 1.
      0.250000000          1.00000000
0 2 1 0. 1.
      0.120000000          1.00000000
0 3 1 0. 1.
      0.450000000          1.00000000
