250 12
INPUT
22. 0 2 4 4 2 0
  17.420414 279.988682 0
   7.631155  62.377810 0
  16.131024  66.162523 0
  15.628077 132.174396 0
   7.325608  16.339417 0
   6.942519  32.488959 0
  15.514976  36.387441 0
  15.188160  54.507841 0
   5.456024   8.696823 0
   5.363105  12.840208 0
  12.282348 -12.576333 0
  12.272150 -16.595944 0
0 0 4 2 1.0
  1577.0715931       0.000170427677
  235.26601078       0.000814670573
  38.206330645      -0.003905790429
  13.097031765       0.532459223430
0 0 2 2 1.0
  11.681492759       1.543528727500
  5.9647604361       0.764215100410
0 0 2 0 1.0
  1.5864660300       0.648270000000
  0.7151408100       0.325330000000
0 0 1 0 1.0
  0.1451275400       1.000000000000
0 2 3 6 1.0
  221.55767496       0.000311251780
  21.084021433       0.031108097016
  8.7600138521      -0.275715609180
0 2 3 2 1.0
  2.5912909722       0.459123286660
  1.3426801157       0.496828672170
  0.6773273582       0.189623778210
0 2 1 0 1.0
  0.4186376200       1.000000000000
0 2 1 0 1.0
  0.1482663100       1.000000000000
0 3 6 10 1.0
  108.33210154       0.000465618533
  23.703936630       0.054063163067
  22.339843906      -0.058928768877
  4.0874834028       0.195885008960
  1.9737354146       0.423017991850
  0.9015825769       0.392527161760
0 3 1 0 1.0
  0.6296582000       1.000000000000
0 3 1 0 1.0
  0.3185426800       1.000000000000
0 3 1 0 1.0
  0.1611010800       1.000000000000
