    0.9257938295    0.0000060276   -0.1794538816    0.9315689321    0.0000028793   -2.1251232904
    0.0000005853    0.7327197331    0.0000016969    0.0000065902   -2.2368764258   -0.0000012501
    0.8273393592    0.0000002838   -2.0513594086   -3.0513453580    0.0000006601    2.2214938863
   -0.9257905652   -0.0000037982   -0.1794100424   -0.9311326821   -0.0000105831    2.1250795616
   -0.0000025536   -0.7325319108    0.0000038133    0.0000247190   -2.2365195242    0.0000095484
    0.8273324141   -0.0000079746    2.0515176112   -3.0498006651   -0.0000027428    2.2215578744
    0.9258161979    0.0000010215    0.1794422829    0.9313979857   -0.0000005306   -2.1251326112
   -0.0000024102    0.7325653747    0.0000010001    0.0000113131    2.2370336359   -0.0000002764
   -0.8273335934    0.0000051925   -2.0513880923    3.0513030001    0.0000030442   -2.2215474644
   -0.9258125857   -0.0000105324    0.1794932262   -0.9315562418   -0.0000007251    2.1250197713
   -0.0000176488   -0.7327152289   -0.0000063457   -0.0000185362    2.2369163755    0.0000016211
   -0.8273451024    0.0000082506    2.0513996410    3.0513428323   -0.0000055328   -2.2215473860
    5.1780850577    0.0000258501   -7.6791485494   -2.8993842782    0.0000442207   -3.2565623755
   -0.0000027463    0.5765913078    0.0000031718   -0.0001574623    1.4684843576   -0.0000109985
   -0.1722680815    0.0000690800   -0.4386860870    2.8104444078    0.0000344751   -1.0674041865
   -5.1782290833    0.0000380903   -7.6792358475    2.8996483203    0.0000098186    3.2564840861
   -0.0000027435   -0.5765094330   -0.0000038168    0.0000319732    1.4695863786   -0.0000023325
   -0.1718801266   -0.0000117200    0.4385994251    2.8111341126   -0.0000534409   -1.0676565351
    5.1782473503    0.0000336946    7.6791047278   -2.8992059245    0.0000212605   -3.2565070846
   -0.0000013288    0.5766446029   -0.0000006965    0.0000290788   -1.4688222409    0.0000003959
    0.1718599236    0.0000087714   -0.4387540078   -2.8099180908    0.0000009162    1.0674565023
   -5.1781328603   -0.0000226107    7.6790467916    2.8994138513   -0.0000092559    3.2565170726
    0.0000017129   -0.5768091071   -0.0000012630   -0.0000351218   -1.4687209445   -0.0000012161
    0.1722542792    0.0000071966    0.4387517954   -2.8102385933    0.0000040108    1.0674706224
  -24.0540465849   -0.0000022903    7.1254693309   -4.0582291885   -0.0000244784   -7.2197549864
   -0.0000021077   -5.9946241588    0.0000008109    0.0000203345    2.9774217522   -0.0000046018
    5.2044244156   -0.0000220740   -9.0175120802    2.3498760723    0.0000059915    7.6145223579
   24.0539221101   -0.0000311731    7.1255158387    4.0581047832   -0.0000215515    7.2197720111
    0.0000004814    5.9943710241    0.0000005844   -0.0000265903    2.9771475376   -0.0000005498
    5.2043811564   -0.0000164898    9.0175213103    2.3495318569   -0.0000151182    7.6145543015
  -24.0539291667   -0.0000165264   -7.1254647857   -4.0583032272   -0.0000100920   -7.2197759088
    0.0000001362   -5.9946791434    0.0000002668   -0.0000043444   -2.9775018195   -0.0000009273
   -5.2043868197   -0.0000060981   -9.0175210638   -2.3499812756   -0.0000039045   -7.6145583152
   24.0541115785    0.0000195345   -7.1254470783    4.0581178256    0.0000056525    7.2197654291
   -0.0000006956    5.9946362736    0.0000014498    0.0000179704   -2.9773873313   -0.0000004526
   -5.2044927754   -0.0000062204    9.0175118107   -2.3498316453    0.0000086945   -7.6145434514
   13.3385220332    0.0000330031    6.6072757544    7.0490097766   -0.0000017842    8.8883685585
    0.0000019525    5.1697635382    0.0000018210    0.0000871809    4.0860910913    0.0000033764
    3.4391428197   -0.0000143010    7.5714829348    4.4062319685    0.0000321805   18.8501575282
  -13.3382647738   -0.0000181899    6.6073270305   -7.0493152202   -0.0000049873   -8.8883558819
    0.0000006965   -5.1695558965   -0.0000008097   -0.0000237155    4.0858508537    0.0000007170
    3.4389025444    0.0000131118   -7.5715856455    4.4063943175   -0.0000017013   18.8502026312
   13.3382460938   -0.0000141943   -6.6073196529    7.0493658385   -0.0000070772    8.8883646629
    0.0000007677    5.1697120160   -0.0000000679   -0.0000109811   -4.0861464687   -0.0000006991
   -3.4388860719    0.0000104452    7.5715745206   -4.4069582936   -0.0000036246  -18.8501821413
  -13.3385217394    0.0000096563   -6.6072775164   -7.0493376457    0.0000022556   -8.8883549072
    0.0000000600   -5.1696933524   -0.0000000245    0.0000054913   -4.0860881438    0.0000007722
   -3.4391468403    0.0000094490   -7.5715120935   -4.4067652544    0.0000059612  -18.8501770529
    1.2418132576   -6.7150579388   -3.2477519602    0.7648363053   -1.2716576575    1.0892856162
   -7.0837830196    0.4711696004   -0.8456202894  -17.8671887599   -4.2760065054   -4.8453387886
   -4.5843757056   -0.6536149334    1.7417431672   -5.1283457181   -5.2948745347  -12.3285422785
   -1.2418019543    6.7149626401   -3.2477331576   -0.7650127071   -1.2717039688   -1.0892262039
    7.0838210370   -0.4711337114   -0.8455747722   17.8662590248   -4.2763581894    4.8453082185
   -4.5844289784   -0.6536049557   -1.7416860717   -5.1289801043    5.2948471702  -12.3284677839
    1.2417879100    6.7149321076    3.2477689068    0.7647846408   -1.2715629956    1.0892369901
    7.0838450865    0.4711065737   -0.8456323157   17.8670515199    4.2760894376    4.8452753452
    4.5844304455   -0.6535144100    1.7417204349    5.1282091612    5.2949450221   12.3285413518
   -1.2418014831   -6.7149219132    3.2477514595   -0.7646923871   -1.2716021346   -1.0892132793
   -7.0838404625   -0.4710824255   -0.8455742847  -17.8670092283    4.2760740832   -4.8452695868
    4.5844320420   -0.6536136452   -1.7417970308    5.1284175646   -5.2948056382   12.3285512791
   -1.2418028867    6.7149104388    3.2477532211   -0.7646886663    1.2716086751   -1.0892114424
    7.0838410678   -0.4710822673    0.8455761704   17.8670232440    4.2760703744    4.8452712071
    4.5844220887    0.6535899616   -1.7418092640    5.1284371302    5.2947969396   12.3285508622
    1.2417900748   -6.7149370416    3.2477695746    0.7647778062    1.2715551398    1.0892367785
   -7.0838455156    0.4711148100    0.8456337920  -17.8670643643    4.2760909650   -4.8452747308
    4.5844278441    0.6535059954    1.7417198948    5.1282222568   -5.2949405925   12.3285417404
   -1.2418017505   -6.7149575756   -3.2477323811   -0.7650234884    1.2717184174   -1.0892259704
   -7.0838187279   -0.4711841581    0.8455794304  -17.8662633610   -4.2764459208   -4.8453058540
   -4.5844273571    0.6536206776   -1.7416825522   -5.1290159676   -5.2947795701  -12.3284673045
    1.2417999404    6.7150217202   -3.2477432916    0.7648555916    1.2716495023    1.0893134039
    7.0838063765    0.4712059385    0.8456106784   17.8672340249   -4.2759833283    4.8453410627
   -4.5843778803    0.6535844064    1.7417508514   -5.1283637146    5.2948013343  -12.3285070379
