   -0.0000707380   -3.1678880609    0.0000391209   -0.0000326975   -2.7235407678   -0.0000126026
   20.2045664807   -0.0000123667   -2.3642284311    0.0000194222    0.0000014864  -20.2045159419
    0.0000496624   -2.7234777417    0.0000455588    0.0000968390    3.1679097210   -0.0000207870
    0.0000131099    3.1678272817    0.0000287242    0.0000134710   -2.7235091849   -0.0000034852
  -20.2045844239    0.0000230770   -2.3641955290   -0.0000013447   -0.0000233492   20.2045230044
    0.0000115996   -2.7235461014    0.0000277230   -0.0000704257   -3.1678455564   -0.0000114819
   -0.0000651775   -0.0000350073    3.1678825098    0.0000380091   -2.7235450713    0.0000047187
    0.0000703181    0.0000073661   -2.7234464895    0.0000282567   -3.1678665608    0.0000032765
  -20.2045153051   -2.3642686335   -0.0000042365   20.2045462157    0.0000108867    0.0000040798
    0.0000597174    0.0000090974    0.0000073895  -20.2044819731   -2.3642181265   20.2045218736
    0.0000181000    3.1679759298   -2.7235070739    0.0000191983    0.0000045604    0.0000142172
    0.0000087496   -2.7235043174   -3.1679723015   -0.0000461323    0.0000144957   -0.0000105343
   -0.0001540827    0.0000301939   -0.0000233472   20.2045161987   -2.3642032759  -20.2045288478
    0.0000399693   -3.1678527414   -2.7234720980    0.0000193791   -0.0000018791    0.0000077207
    0.0000356242   -2.7235181155    3.1679496822    0.0000300960    0.0000130861    0.0000130442
    0.0001814662   -0.0000298377   -3.1679016250    0.0000159094   -2.7235399865    0.0000042149
   -0.0000765551    0.0000217135   -2.7235235910    0.0000484770    3.1678565765    0.0000010456
   20.2045677469   -2.3641777064    0.0000213554  -20.2045314677    0.0000091390   -0.0000052431
   39.7177968426    8.0563865139    5.1267383011   11.4834768277    2.8134907513    6.1588646099
    6.1588377934   -5.1267225150    2.8134780422   39.7177850975   -8.0564071067   11.4835140220
  -11.4835464690    2.8134761937    8.0563737388   -6.1588568898   -5.1267312281  -39.7177615608
  -39.7177526403   -8.0563686012    5.1267397288  -11.4834967570    2.8134934922   -6.1588528257
   -6.1588272269    5.1267459005    2.8134822510  -39.7178015133   -8.0563973430  -11.4834967755
  -11.4834769517    2.8135006456   -8.0564059134   -6.1588595677    5.1267398510  -39.7178147074
   39.7177383813   -8.0563648134   -5.1267122608   11.4835424010    2.8134741216    6.1588550695
   -6.1588648277   -5.1267448665    2.8134719330  -39.7177431071    8.0563948013  -11.4835136662
   11.4834610994    2.8134539581    8.0564190137    6.1588428500    5.1267304592   39.7178032675
  -39.7177528821    8.0563948508   -5.1267052397  -11.4835070296    2.8134636929   -6.1588485248
    6.1587967634    5.1267494702    2.8134947548   39.7178050071    8.0564294480   11.4834965626
   11.4835004012    2.8135000312   -8.0563766792    6.1588861027   -5.1267110669   39.7177802522
   39.7177653454   -5.1267238229   -8.0564015949    6.1588130500    2.8134738774   11.4835071985
   11.4834918632    8.0563936017    2.8134834454   39.7177614462    5.1267195176    6.1588663497
   -6.1588455787    2.8134825108   -5.1267242282  -11.4835036358    8.0564001021  -39.7177836132
  -39.7178252068    5.1267299295   -8.0564109854   -6.1588286866    2.8134907799  -11.4834981497
  -11.4835404177   -8.0564009868    2.8134893559  -39.7178053213    5.1267271178   -6.1588550126
   -6.1588685987    2.8135188970    5.1267179475  -11.4834858861   -8.0564047206  -39.7178216377
  -39.7178101512   -5.1267220840    8.0563784571   -6.1588720491    2.8134830696  -11.4835109379
   11.4834955917   -8.0563780522    2.8135032871   39.7177510266   -5.1267089876    6.1588410585
    6.1588480726    2.8134970819    5.1266966015   11.4835100419    8.0563968392   39.7177985139
   39.7178221531    5.1267541680    8.0564062177    6.1588522411    2.8134908915   11.4835120597
  -11.4834603800    8.0563877204    2.8135184338  -39.7178017524   -5.1267089641   -6.1588661041
    6.1588123513    2.8135011466   -5.1267124303   11.4834803170   -8.0563788603   39.7177581500
    9.0694956085   -4.2131544662    6.0697636492    0.3495161513    1.0969423020    3.1156169023
   -5.3639975225    0.1454554687    0.3406743202   -1.7638385608    0.4565039602   -4.4773110310
    5.7194892088   -2.2983017721    2.6082796369    3.8059380003    0.5798718120   10.3613746497
   -9.0696441239    4.2131465685    6.0697443398   -0.3495076864    1.0969469656   -3.1156210090
    5.3640600074   -0.1454470122    0.3406653483    1.7637905380    0.4564928928    4.4773093352
    5.7193590492   -2.2982834491   -2.6083043291    3.8059721033   -0.5798702497   10.3613685845
    9.0695672229    4.2132000878   -6.0697616034    0.3494614237    1.0969424424    3.1156191969
    5.3640087307    0.1454729329    0.3406713669    1.7637894171   -0.4565076598    4.4773124028
   -5.7193837124   -2.2982551142    2.6082803331   -3.8059424045   -0.5798845692  -10.3613699428
   -9.0695064305   -4.2131818481   -6.0697816281   -0.3494913297    1.0969472046   -3.1156116536
   -5.3640015100   -0.1454513140    0.3406439488   -1.7638083078   -0.4564900408   -4.4773133837
   -5.7194435761   -2.2982697438   -2.6082631055   -3.8059764338    0.5798768669  -10.3613851276
   10.3614015595    2.6082860418    0.5798882248    5.7193783890   -2.2982658366    3.8059552029
    3.1155675062    6.0697639897    1.0969035147    9.0695920326   -4.2131724069    0.3494969918
   -4.4772474300    0.3406657573    0.4565149341   -5.3640449911    0.1454348281   -1.7638069975
   -1.7637915458    0.4564931490    0.1454509467   -4.4773021952    0.3406776987   -5.3640502369
    3.8060155452    0.5798552224   -2.2982643343   10.3613495631    2.6083125599    5.7193884176
    0.3494635803    1.0969511017   -4.2131753781    3.1156597503    6.0697283476    9.0695949858
  -10.3613944699   -2.6082729528    0.5798646057   -5.7194199867   -2.2982675427   -3.8059686826
   -3.1156122975   -6.0697849332    1.0969505443   -9.0695808059   -4.2131931657   -0.3494924143
   -4.4773064926    0.3406652570   -0.4564796070   -5.3640501329   -0.1454508286   -1.7637991692
    1.7638104535    0.4564896245   -0.1454333951    4.4772987175    0.3406608740    5.3640410148
    3.8059500202   -0.5798750515   -2.2983003869   10.3613812529   -2.6082959540    5.7194009879
   -0.3494928671    1.0969364177    4.2131584323   -3.1155972674    6.0697275487   -9.0695876194
   10.3614169509   -2.6083408323   -0.5798863399    5.7194083170   -2.2982810912    3.8059601192
   -3.1155695590    6.0697163091    1.0969640711   -9.0695954329    4.2131753611   -0.3494840344
    4.4772765906    0.3406851854    0.4564783019    5.3640282702   -0.1454380733    1.7638060578
    1.7637902888   -0.4564936277    0.1454253459    4.4772794756    0.3406676311    5.3640389503
   -3.8059520934   -0.5798971116   -2.2983201716  -10.3613890231    2.6082822529   -5.7194070906
    0.3494483629    1.0969113397    4.2131272961    3.1155844086   -6.0697674584    9.0696012706
  -10.3614103930    2.6083030097   -0.5798697789   -5.7193935531   -2.2982941718   -3.8059607726
    3.1156430477   -6.0697912815    1.0969487478    9.0695898064    4.2131704164    0.3495000258
    4.4773558467    0.3406516041   -0.4564654378    5.3640638554    0.1454401970    1.7638030027
   -1.7637768546   -0.4564978651   -0.1454501989   -4.4772940444    0.3406626937   -5.3640405281
   -3.8060096796    0.5798788611   -2.2982724477  -10.3613810688   -2.6082817035   -5.7194138820
   -0.3494632502    1.0969424546   -4.2131866845   -3.1156497046   -6.0697543084   -9.0695776864
   -1.7637718388    0.1454418201    0.4565047742   -5.3640544016    0.3406903093   -4.4773091717
    0.3494291285   -4.2131737848    1.0969213789    9.0696354495    6.0697377592    3.1156217024
    3.8060150779   -2.2982795596    0.5798784306    5.7193782698    2.6082951751   10.3613880804
    1.7638201349   -0.1454428902    0.4565119915    5.3640481923    0.3406678094    4.4773019408
   -0.3495150436    4.2131426356    1.0969028398   -9.0696248348    6.0697339188   -3.1156198390
    3.8059758506   -2.2982998128   -0.5798749150    5.7193562816   -2.6082993819   10.3613755172
    1.7637902349    0.1454321459   -0.4564999507    5.3640361922    0.3406686618    4.4773094271
    0.3494608261    4.2131532250    1.0969525883    9.0695942956   -6.0697558868    3.1156280459
   -3.8059909002   -2.2983213552   -0.5798669014   -5.7193631081    2.6082974059  -10.3613615181
   -1.7638043546   -0.1454308323   -0.4565164017   -5.3640467528    0.3406761625   -4.4773120434
   -0.3494644241   -4.2131609957    1.0969327863   -9.0695767029   -6.0697441175   -3.1156161363
   -3.8059890718   -2.2982795640    0.5798758554   -5.7193754308   -2.6083160181  -10.3613686311
    9.0696077233    6.0697283652   -4.2131792715    3.1156318939    1.0969501863    0.3494920152
    5.7193864607    2.6083108173   -2.2982747822   10.3613792889    0.5798662907    3.8059628277
   -5.3640516133    0.3406677185    0.1454577374   -4.4773190037    0.4564918808   -1.7638010923
   10.3613610980    0.5798551781    2.6082730616    3.8059464150   -2.2982801972    5.7194003425
   -4.4773304700    0.4564764259    0.3406616304   -1.7638197266    0.1454474255   -5.3640493637
    3.1155954433    1.0969595632    6.0697653728    0.3495029630   -4.2131724096    9.0695985603
   -9.0695772699   -6.0697181269   -4.2131822030   -3.1155928173    1.0969532331   -0.3494821630
   -5.7193598413   -2.6083421300   -2.2982991496  -10.3613775188    0.5798867992   -3.8059665537
   -5.3639982181    0.3406845131   -0.1454500216   -4.4773080974   -0.4565035549   -1.7637931858
   10.3613655894   -0.5798666211   -2.6082783352    3.8059374575   -2.2982829256    5.7194017916
    4.4772949373    0.4564861943    0.3406589636    1.7637952581   -0.1454458658    5.3640336845
   -3.1156174675    1.0969321193    6.0697733264   -0.3494736460    4.2131776877   -9.0695821636
   -9.0695516792    6.0697646845    4.2131750668   -3.1156103018    1.0969674811   -0.3494825631
    5.7194523931   -2.6082817776   -2.2982772056   10.3613694708   -0.5798633773    3.8059675209
    5.3640104510    0.3406524262   -0.1454541030    4.4772901257    0.4564797377    1.7638018031
  -10.3613742391   -0.5798708438    2.6082605228   -3.8059584023   -2.2982971033   -5.7194016629
    4.4773396865   -0.4564894571    0.3406473539    1.7637839234    0.1454376876    5.3640434700
    3.1156110165    1.0969333032   -6.0698054557    0.3494600084    4.2131512581    9.0695913622
    9.0695634428   -6.0697432174    4.2131592710    3.1156218730    1.0969312789    0.3494890290
   -5.7194009372    2.6083171972   -2.2982867766  -10.3613522860   -0.5798719582   -3.8059664040
    5.3640110928    0.3406767732    0.1454511663    4.4773109354   -0.4565038421    1.7638005593
  -10.3613332458    0.5798736406   -2.6082480896   -3.8059419418   -2.2982883295   -5.7193998168
   -4.4773579597   -0.4565276808    0.3406475602   -1.7637903003   -0.1454445055   -5.3640450369
   -3.1156693755    1.0969369877   -6.0697707163   -0.3494832089   -4.2131651993   -9.0695990425
