  -20.8038816513   -5.1285893822   -3.5776223807    2.8192539662    1.4329115309    5.8995065940
  -14.0160316822    2.1741688345   -2.9539832202    6.8667031301   -7.8723257257   -6.7482003650
   -9.5801503400    3.8416735826    7.0835522238   -8.8188771615   -9.7283276196   16.4337044102
   20.8104792371   -5.1278146496    3.5791918173   -2.8222182724    1.4330371976   -5.8992039037
  -14.0141204820   -2.1699046927   -2.9531588618    6.8636948474    7.8736434817   -6.7479197103
    9.5807454433    3.8426047812   -7.0791594794    8.8151018231   -9.7279306470  -16.4307538165
   20.8038753124    5.1286056835    3.5779156508   -2.8191637977   -1.4329152040   -5.8993907805
   14.0160662119   -2.1741581613    2.9538813846   -6.8665010537    7.8725988252    6.7487330396
    9.5798808894   -3.8416266456   -7.0835174574    8.8189006308    9.7283833911  -16.4337795571
  -20.8101454896    5.1278513353   -3.5795443437    2.8192379116   -1.4332566821    5.8991489333
   14.0141745460    2.1695581607    2.9530592554   -6.8660773314   -7.8740039835    6.7480645403
   -9.5811810212   -3.8425510752    7.0793808563   -8.8190347487    9.7281075957   16.4312884824
   -5.8069215608  -12.9024067855   -8.6754853093  -23.4187306205    0.6601380213    2.2413783637
  -11.2825951199  -13.2094109594    2.6161431578   -9.3348457183   -2.8011754721   -0.3789683564
   -2.6720117617    6.5726044181   -0.8392818481    5.6839976892    2.0057552836   14.8161038817
    5.8119863319  -12.9020149815    8.6762375537   23.4205817494    0.6602282751   -2.2413704135
  -11.2812191930   13.2118356242    2.6166854707   -9.3359645225    2.8020240696   -0.3787536177
    2.6723179835    6.5736990635    0.8403563849   -5.6811664446    2.0061883023  -14.8153436398
    5.8065256581   12.9021798389    8.6747142967   23.4208824142   -0.6602558725   -2.2413292309
   11.2824365538   13.2092063535   -2.6162275955    9.3360740025    2.8004204573    0.3789877934
    2.6718305288   -6.5726449187    0.8391338228   -5.6815118290   -2.0058645248  -14.8176167771
   -5.8120644088   12.9019457738   -8.6754640453  -23.4207650391   -0.6603277273    2.2414096561
   11.2808242040  -13.2117998950   -2.6166782482    9.3362230693   -2.8013119720    0.3784353416
   -2.6715179313   -6.5735069182   -0.8407187922    5.6814190806   -2.0060918836   14.8169283504
    6.4038964444  -24.4341421700   -2.6016986610   -4.8483994256   -0.9420446179    6.6154962167
   -8.3797172438   -6.0902366419    0.5153004865   11.9754293966   -1.0894865084   -7.0977347810
   -0.8380128125   -6.5126426588    3.6057221091   -2.5649483665   -4.9328670530   -0.3097301136
   -6.3967612095  -24.4339616702    2.6032993642    4.8484209761   -0.9419363186   -6.6152219025
   -8.3783516435    6.0941713667    0.5159225890   11.9753704055    1.0908276785   -7.0974629194
    0.8391253078   -6.5129408793   -3.6028854085    2.5649667077   -4.9330057359    0.3115097470
   -6.4036634474   24.4342528683    2.6022541259    4.8484091268    0.9420171880   -6.6155149672
    8.3797081302    6.0903434199   -0.5152751145  -11.9752540659    1.0900979143    7.0978524968
    0.8380351611    6.5126735582   -3.6055298453    2.5649739502    4.9329923242    0.3103208180
    6.3965652289   24.4338586949   -2.6038419003   -4.8484221968    0.9419235467    6.6152417009
    8.3783967216   -6.0942854267   -0.5158733839  -11.9755130039   -1.0914195677    7.0975892170
   -0.8391827935    6.5129192464    3.6027127910   -2.5649661344    4.9330250528   -0.3120710173
   50.1352810482  -22.2552823425   56.5590436563   10.7224834750    2.3084910344    5.0683673710
  -27.6105277061    5.0030041506    5.5425050582  -88.2977429079   21.0082402878    3.0143947678
   90.3023680180   -0.1540902935   -7.7701050250   82.5319777627   -5.1644583642  110.6317786011
  -50.1335081919  -22.2547344032  -56.5596572456  -10.7225053005    2.3086122228   -5.0689495188
  -27.6097341111   -5.0035096767    5.5411230465  -88.2973157450  -21.0084301326    3.0134152650
  -90.3027676554   -0.1554429369    7.7681989961  -82.5322555940   -5.1648489807 -110.6330664935
  -50.1357532983   22.2551773164  -56.5600848200  -10.7225460407   -2.3084241557   -5.0685083980
   27.6104873208   -5.0033573839   -5.5426749936   88.2973587604  -21.0094635209   -3.0151486363
  -90.3023741702    0.1539521326    7.7700506881  -82.5321867955    5.1639151798 -110.6322932730
   50.1338333818   22.2548858214   56.5606258617   10.7225240475   -2.3086014143    5.0690367053
   27.6097322758    5.0036175309   -5.5412927951   88.2976325588   21.0093602542   -3.0141059949
   90.3027733485    0.1553532281   -7.7681970752   82.5320797439    5.1644249114  110.6335665354
   12.0383904432   38.4449057046    2.6730240452   -4.9108190735   -2.0507782483   -6.0712047103
   54.0257678188   -6.2595531264   -0.4701463627  103.9108545253   -1.5366039180   27.5345855253
    7.1437651097   -3.5103847493   -6.5852198442   25.1112048977   19.1760440070   -9.0700360426
  -12.0431061586   38.4446020431   -2.6738069733    4.9110235117   -2.0508877198    6.0711664540
   54.0248488263    6.2574717390   -0.4712789922  103.9114539834    1.5359792138   27.5338649020
   -7.1436360851   -3.5101502613    6.5837779637  -25.1114078936   19.1761926152    9.0689138358
  -12.0388256562  -38.4450404379   -2.6736923126    4.9108941451    2.0509779780    6.0712734083
  -54.0256716941    6.2594033973    0.4703496003 -103.9112988917    1.5353212408  -27.5341412499
   -7.1437281877    3.5103153854    6.5852368192  -25.1112391246  -19.1761882576    9.0688769961
   12.0434319641  -38.4443644978    2.6745980375   -4.9104277319    2.0511430463   -6.0712354877
  -54.0247399182   -6.2569813125    0.4715120228 -103.9103870319   -1.5345089992  -27.5334868773
    7.1437330696    3.5100406030   -6.5835621119   25.1125092262  -19.1762416579   -9.0677904484
   47.8117798293   12.1007236812  -25.8443161938   24.1920553428   -1.5076573187   30.7067143955
   20.3412183350   11.5893408084    2.4912523374  -15.5364988693  -12.2522296894  -12.1926391233
  -39.8693601369   -3.7159388796   28.9224845437  -34.0087749334   -0.1649547381  -95.7966418709
  -47.8212994020   12.1000632405   25.8419669564  -24.1919932148   -1.5077870861  -30.7072123413
   20.3404556385  -11.5935035888    2.4909441363  -15.5371408118   12.2509621797  -12.1928090118
   39.8689700707   -3.7157779248  -28.9259447024   34.0091792544   -0.1650859162   95.7943436637
  -47.8115205385  -12.1006323581   25.8450932732  -24.1919439817    1.5074000547  -30.7070621698
  -20.3412604520  -11.5890337948   -2.4913751581   15.5370729042   12.2529915531   12.1927338121
   39.8691674401    3.7159041373  -28.9227467185   34.0092460784    0.1653858285   95.7978318803
   47.8210322667  -12.1001847138  -25.8427752456   24.1918786741    1.5075966521   30.7075725412
  -20.3404534829   11.5934857197   -2.4909616248   15.5368928399  -12.2515275616   12.1930996743
  -39.8686927018    3.7159152704   28.9262208113  -34.0091480245    0.1652639324  -95.7955905980
  -89.2226345726    5.8652923613  -14.3727282203  -28.0357084753   -1.0089375442  -27.7172917741
  -17.6007062306  -27.6447441869   -3.3369583955  -51.2025049967    2.5772210565    3.6764744549
  -23.6201287778    9.7681200301  -17.2840810081  -14.1883849712   -4.7959898228  -29.0157548582
   89.2152878711    5.8652606910   14.3724291510   28.0359296805   -1.0089009515   27.7179030523
  -17.6008704896   27.6407786323   -3.3371392965  -51.2026122154   -2.5785670039    3.6763919159
   23.6189874325    9.7685383830   17.2814874301   14.1882987901   -4.7959376058   29.0141201017
   89.2231053581   -5.8650646649   14.3737425057   28.0359540307    1.0091610515   27.7175321111
   17.6007200789   27.6449230920    3.3370442321   51.2025541159   -2.5765707554   -3.6766564692
   23.6203631060   -9.7680955897   17.2844302630   14.1884264446    4.7961652831   29.0167951356
  -89.2153847899   -5.8653719967  -14.3734186438  -28.0358858813    1.0090730616  -27.7182519055
   17.6011627879  -27.6408299829    3.3373012651   51.2023426265    2.5779365981   -3.6765956336
  -23.6193185342   -9.7685200890  -17.2817963864  -14.1883800573    4.7959490998  -29.0156139326
