    1.2938608812   -0.0000063365    0.0000102595
   -0.0000079620    1.2938827708    0.0000064973
   -0.0000020401   -0.0000009857    1.2938795302
    1.2938356911    0.0000110881    0.0000032736
    0.0000005409    1.2938782219   -0.0000107151
    0.0000098416    0.0000001104    1.2938615602
    1.3248755409   -0.0000448297    0.0001321737
   -0.0001519067    1.3231075766   -0.0001085711
   -0.0001521756   -0.0001090672    1.3243722055
    3.7358046891   -0.0000642345    0.0001411594
    0.0007225343    3.7382703405    0.0007782394
    0.0001436342    0.0001152495    3.7392347386
   -2.0209932923   -0.0012565465   -0.0013144972
   -0.0001847646   -0.9024047740   -0.0002190179
    0.0000250862    0.0000051541   -0.9021112894
   -2.0182525795    0.0014169364    0.0013247711
   -0.0002277879   -0.9024075839   -0.0001740090
   -0.0001426572    0.0001153223   -0.9020767022
   -0.9023306363    0.0000047159   -0.0000129862
   -0.0016981523   -2.0202321399   -0.0015198879
    0.0000616785    0.0002121037   -0.9021269106
   -0.9022161073   -0.0001357438   -0.0002376313
   -0.0000182863   -0.9021050680   -0.0001759999
   -0.0038527147   -0.0042024701   -2.0264248763
   -0.9024083432    0.0000174711    0.0000230267
    0.0015222553   -2.0198337887    0.0013438733
    0.0001234937   -0.0000461072   -0.9020487256
   -0.9021758438    0.0000574794   -0.0000695493
    0.0000435293   -0.9021555553    0.0000795908
    0.0037858533    0.0039106902   -2.0165595304
