   -0.0110348728   -0.0095112520   -0.0024646919   -0.0004693237   -3.8834703440    0.0002077408
   -0.0004305133   -0.0053838130   -3.8847492641   -0.0104019310   -0.0024395374   -0.0003882734
    0.0001338219   -3.8832242815   -0.0021089732    0.0003513361   -0.0061308739   -0.0041591345
   -0.0108137957   -0.0091903048   -0.0027650054    0.0004574379    3.8829216940   -0.0006437380
    0.0002035302   -0.0050092935    3.8835705610   -0.0092404636   -0.0010389647    0.0003088722
   -0.0018084713    3.8820205105   -0.0044191002   -0.0001731382   -0.0063321875   -0.0042734690
   -0.0378678654   -0.0150185518   -0.0156518600    0.0042734494    0.0094388743    0.0206421137
    0.0235291644   -0.0377550855    0.0002587260   -0.0188907426   -0.0372219733    0.0074308607
   -0.0062663763   -0.0001491852   -0.0355339490    0.0083832944   -0.0363245293   -0.0307136529
   -0.0235757448   -0.0097269058   -0.0683743000   -0.0131305751   -0.0323454225   -0.0661987830
    0.1409545729    0.0901880872    0.1379110947    0.0963033158    0.0710821399    0.1328456639
   -0.3094629743   -0.2876865912   -0.3232688129   -0.2901123718   -0.2969347265   -0.6050913693
    0.8679105065    0.0415658252    0.0482726658   10.8379382002    0.0135554707   10.8140650039
   -0.0560656750    8.6464734382   -0.0388705598   -0.0034624031   -0.0122056413   -0.0294377305
    0.0165568749    0.0128756254    8.7251952794    0.0182681649    0.0426467528    0.0647353397
   -0.7628067740    0.0057179840    0.0442823131  -10.8274683195    0.0037313488  -10.7840547231
   -0.0101024139   -8.6621225519   -0.0178679168   -0.0030408163   -0.0106595394   -0.0292294527
    0.0158432594    0.0065458569   -8.6429565967   -0.0044877718    0.0341124105    0.0690007198
    0.0307634568    8.7015585781    0.0147074764   -0.0050106150   -0.0022056574   -0.0035428400
   10.7933416277   -0.0274121071   -0.0394759864    0.8146723898   -0.0305408121   10.7673345066
   -0.0022773784   -0.0047307104    0.0292123470   -0.0063526165    8.7280545566    0.0601803012
    0.0178051167    0.0109893337    8.6742427259    0.0036092991    0.0055902152    0.0115950204
    0.0056509076    0.0165524212    0.0106494001    0.0265738261    8.6804333513    0.0185491258
   10.8691052917    0.0348895733    0.1243903479   10.8611314109    0.1297571037    1.2559985759
    0.0323218393   -8.6326901762    0.0165713068   -0.0013489137   -0.0011065112   -0.0007543263
  -10.8901636499    0.0252217283   -0.0435199653   -0.7300604052    0.0435570334  -10.8570388111
    0.0076846545    0.0148328007    0.0353641348    0.0067622879   -8.6367022078    0.0661896538
    0.0250435205    0.0156486046   -8.6730173781    0.0011493603    0.0038903323    0.0086845317
   -0.0069175507    0.0231198698   -0.0079060894    0.0362335000   -8.6651628039   -0.0103747615
  -10.5895087023    0.2246264016    0.1579980166  -10.5937705959    0.1471968364   -0.8002604598
