   -1.3409252146   -0.4086805774    0.1627269397   -0.8281218764   -0.3247410920   -0.4199756143
    0.5020918838    0.5038253056    0.1543379699    0.3101755904   -0.4777687348   -1.3456409399
    0.3241401756    0.1532895354    0.4759512605    0.0970038302   -0.2218709351   -0.0034746692
    1.3409136077   -0.4086812910   -0.1627243791    0.8280745674   -0.3247515174    0.4199703004
    0.5020866062   -0.5038256787    0.1543400523    0.3101573713    0.4777819166   -1.3456492548
   -0.3241389453    0.1532900596   -0.4759531021   -0.0970026134   -0.2218733685    0.0034595454
    1.3409206435    0.4086792844   -0.1627243255    0.8281170135    0.3247446205    0.4199793528
   -0.5020907006   -0.5038247797   -0.1543380882   -0.3101766034    0.4777684299    1.3456332613
   -0.3241396430   -0.1532903285   -0.4759537663   -0.0969992382    0.2218711852    0.0034632057
   -1.3409353329    0.4086791369    0.1627205648   -0.8281205398    0.3247454732   -0.4199784304
   -0.5020932315    0.5038231140   -0.1543362546   -0.3101776790   -0.4777697884    1.3456309851
    0.3241357709   -0.1532876566    0.4759540575    0.0970070696    0.2218714793   -0.0034882384
   -0.0000061266   -0.0000109287   -0.0000009061    0.0000024028    0.0000022344   -0.0000098698
   -0.0000177248   -0.0000124752   -0.0000004734   -0.0000415779   -0.0000014060    0.0000176407
    0.0000083382   -0.0000011171   -0.0000025272    0.0000229311    0.0000033897   -0.0000283746
   -0.0000012428   -0.0000013856   -0.0000000419    0.0000004027    0.0000014247    0.0000053640
   -0.0000001761   -0.0000011879    0.0000005037   -0.0000096467    0.0000026969   -0.0000012579
    0.0000020215   -0.0000000032    0.0000014887    0.0000058395   -0.0000023159   -0.0000027140
    0.1573138485    2.1788750915   -0.4506662573    1.9942704348    1.1116277103   -3.8896015444
    1.9238114713    2.9777864681    0.4275099221   -0.9077462300   -2.0794361683   -1.2024204721
   -2.5374967201    0.9923537407   -3.3032810305   -1.3221948758   -0.8118908337    1.1331830396
   -0.1573139430    2.1788789539    0.4506618137   -1.9942244149    1.1116399584    3.8895719976
    1.9237945044   -2.9777992261    0.4275144732   -0.9077518487    2.0794412853   -1.2023985509
    2.5374894954    0.9923568967    3.3032828295    1.3222297337   -0.8118937397   -1.1332492873
   -0.1573089348   -2.1788798331    0.4506740499   -1.9942528182   -1.1116268831    3.8895406298
   -1.9237982142   -2.9777964092   -0.4275060051    0.9077257424    2.0794427291    1.2023610869
    2.5375030250   -0.9923483041    3.3032895176    1.3222192346    0.8118911446   -1.1333165119
    0.1573134887   -2.1788823858   -0.4506768834    1.9942509875   -1.1116284401   -3.8895708540
   -1.9238196437    2.9777868392   -0.4275141442    0.9077286035   -2.0794392943    1.2023933789
   -2.5374842844   -0.9923651866   -3.3032926384   -1.3222244805    0.8118947543    1.1332375910
    9.9221864308   -1.0261752887    4.0774599410    3.8597755500    0.0073055051    5.8429444655
   -1.7131317864    2.4093422208   -0.6501517332   -3.3315023698    1.5995553069   -2.7272165645
    3.3944786660   -0.2255911962    3.3282001206    1.5148681313   -0.9337294280    8.0568297287
   -9.9221903314   -1.0261794318   -4.0774660273   -3.8597913491    0.0073125816   -5.8429131173
   -1.7131329273   -2.4093421153   -0.6501528429   -3.3315383136   -1.5995589875   -2.7272059289
   -3.3944813163   -0.2255940324   -3.3282047289   -1.5149178644   -0.9337220236   -8.0567754513
   -9.9221970394    1.0261752876   -4.0774610193   -3.8597909548   -0.0073118721   -5.8428702111
    1.7131404370   -2.4093401301    0.6501517622    3.3315365145   -1.5995548162    2.7271937151
   -3.3944935942    0.2255910508   -3.3282025234   -1.5149105978    0.9337254956   -8.0567083780
    9.9221882079    1.0261816402    4.0774665242    3.8597908109   -0.0073119520    5.8429102880
    1.7131314643    2.4093442663    0.6501534468    3.3315403356    1.5995560932    2.7272046940
    3.3944806495    0.2255968163    3.3282064266    1.5149152846    0.9337258663    8.0567685220
    4.6797909784    0.3044115930   -4.1537806692    1.6218878970   -0.0708499550    3.5966981526
    0.4994420721    1.3363526683    0.3056012257   -0.6661305685   -2.2202543366   -0.2612333545
   -3.6538683144    0.6170686493    3.4152910868   -2.8453025659   -0.1399403125  -13.0712731657
   -4.6797927582    0.3044093461    4.1537778606   -1.6218874884   -0.0708524498   -3.5967044144
    0.4994473968   -1.3363488120    0.3056004284   -0.6661305033    2.2202497232   -0.2612272622
    3.6538713601    0.6170709364   -3.4152845366    2.8452943059   -0.1399376846   13.0712819384
   -4.6797898017   -0.3044080414    4.1537791110   -1.6218914178    0.0708532577   -3.5967006910
   -0.4994433323   -1.3363442201   -0.3056019833    0.6661362314    2.2202529866    0.2612396910
    3.6538726111   -0.6170754893   -3.4152882244    2.8452992151    0.1399407786   13.0712754369
    4.6797904171   -0.3044101677   -4.1537798824    1.6218897333    0.0708529564    3.5966941218
   -0.4994461411    1.3363483100   -0.3056008256    0.6661365350   -2.2202519665    0.2612365623
   -3.6538725005   -0.6170655429    3.4152882318   -2.8452973053    0.1399369046  -13.0712509835
   -2.9498136785    3.0836337504    0.4931117411   -1.8543414611   -1.2964846840   -2.3285098053
    4.7089850658   -2.5956964396    0.1703969064   12.9720192835    2.5488811838    5.8268381990
    1.2154309085   -0.6503968558   -1.7066258650    1.5440552716    3.2911365290    2.0777237647
    2.9498089360    3.0836387873   -0.4931106151    1.8543385719   -1.2964871820    2.3285099085
    4.7089921660    2.5956972421    0.1703984114   12.9720187322   -2.5488847589    5.8268023011
   -1.2154317193   -0.6503991557    1.7066202866   -1.5440623007    3.2911358269   -2.0776945644
    2.9498143176   -3.0836325760   -0.4931105313    1.8543368104    1.2964827847    2.3285021472
   -4.7089863852    2.5956976095   -0.1704023550  -12.9720115297   -2.5488828458   -5.8267615317
   -1.2154327427    0.6503964694    1.7066220921   -1.5440574855   -3.2911358842   -2.0776654260
   -2.9498010323   -3.0836169328    0.4931160440   -1.8543184043    1.2964849958   -2.3285115680
   -4.7089755494   -2.5956850320   -0.1703980170  -12.9719991836    2.5488819910   -5.8268022870
    1.2154354726    0.6503995761   -1.7066226897    1.5440581400   -3.2911362125    2.0776927577
   -8.3888112668   -4.4208477676   -0.6421685626   -3.5441457685   -0.1412574268   -2.0767633951
   -5.1775502554   -3.4656306404    0.0286641413   -7.5148682039   -0.7456543746   -1.4402797055
   -0.9706773512    0.1425082779   -2.3114328375   -1.5659133102   -1.6498326932   -1.0444268588
    8.3888379233   -4.4208517614    0.6421705560    3.5441442997   -0.1412617170    2.0767678653
   -5.1775442766    3.4656390876    0.0286608091   -7.5148181803    0.7456492249   -1.4402719709
    0.9706724459    0.1425108551    2.3114360100    1.5659087813   -1.6498253081    1.0444389239
    8.3888119564    4.4208495336    0.6421675634    3.5441414101    0.1412541390    2.0767771987
    5.1775444787    3.4656353667   -0.0286632618    7.5148715352    0.7456540662    1.4402793510
    0.9706743304   -0.1425092887    2.3114337461    1.5659107251    1.6498294761    1.0444374690
   -8.3888040530    4.4208459642   -0.6421626089   -3.5441343986    0.1412575295   -2.0767622771
    5.1775627984   -3.4656313520   -0.0286640681    7.5148559635   -0.7456601560    1.4402782147
   -0.9706781392   -0.1425087068   -2.3114326843   -1.5659158559    1.6498279093   -1.0444372995
