16 12
0 0 6 2. 1.
       93413.4000         0.743000000E-03
       13961.7000         0.579300000E-02
       3169.91000         0.299540000E-01
       902.456000         0.119028000
       297.158000         0.368432000
       108.702000         0.577299000
0 0 3 2. 1.
       108.702000         0.143186000
       43.1553000         0.624465000
       18.1079000         0.283366000
0 0 1 2. 1.
       5.56009000          1.00000000
0 0 1 0. 1.
       2.13183000          1.00000000
0 0 1 0. 1.
      0.420403000          1.00000000
0 0 1 0. 1.
      0.136045000          1.00000000
0 2 4 6. 1.
       495.040000         0.830900000E-02
       117.221000         0.640240000E-01
       37.7749000         0.277614000
       14.0584000         0.745076000
0 2 2 4. 1.
       5.56574000         0.613712000
       2.26297000         0.443818000
0 2 1 0. 1.
      0.807994000          1.00000000
0 2 1 0. 1.
      0.277460000          1.00000000
0 2 1 0. 1.
      0.120000000          1.00000000
0 3 1 0. 1.
      0.650000000          1.00000000
