    0.0000139440    0.1169896422    0.1151783558    0.0000232153   -0.0000068789    0.0000236637
    0.0000236482   -0.0432018954   -0.0000096676   -0.0034808090    0.1469179927    0.0000241445
    0.0000242195   -0.0000108577    0.0014242219    0.0000231855   -0.0035533021   -0.0091856061
   -0.0001386532   -0.6394692625   -0.6423669835   -0.0001357676    0.0000062756   -0.0001069987
   -0.0001070689   -0.1333003293    0.0000092983   -5.3856314832   -5.4054057669   -0.0001077932
   -0.0001068917    0.0000106643   -0.0065775432   -0.0001352445    0.0090976377    0.0041030177
   -0.0001835402    0.7413232352    0.7284445618    0.0000090271    0.0000004110    0.0000100041
    0.0000103558    0.3080498156    0.0000002766   -5.6119976749   -4.9929267685    0.0000099455
    0.0000614593   -0.0000003611    0.0121456463    0.0000921123   -0.0196960905   -0.0752106222
    0.0004939910   -0.7070404499   -0.7495874458    0.0000926867   -0.0000000955    0.0000629271
    0.0000102446    0.3031762654    0.0000003181   -5.5336904163   -4.8771045659    0.0000105886
    0.0000104476    0.0000002620   -0.0106023644    0.0000092205    0.0377000555    0.0854550969
   -0.0001857419    0.4995361133    0.5596663193    0.0000108386    0.0000002878    0.0000104037
    0.0000628204   -0.4347238562   -0.0000002253   16.5574789401   15.1398539161    0.0000631145
    0.0000107653    0.0000002924    0.0036100393    0.0000107263   -0.0122090223    0.0175077288
