  -58.0954760389  -68.1654932966  -60.5785125672  -46.6005894538  -70.3279455196   64.9720233048
  -73.6219317757  -42.3719781190  -45.9442855052 -143.5562818442   -9.2919560233  -62.1331146070
  -34.3087803584   -2.1800611282   75.9557436030   24.4135235916   37.1294567825 -118.8633141735
   58.0955850288  -68.1642200542   60.5781526464   46.6023510371  -70.3284915563  -64.9715025052
  -73.6206394740   42.3722691939  -45.9447474194 -143.5567673795    9.2918443883  -62.1352553215
   34.3087422573   -2.1809946701  -75.9552367818  -24.4136213509   37.1291872130  118.8625465215
   58.0946189073   68.1647088608   60.5779978833   46.6014761972   70.3281525866  -64.9720924680
   73.6207566954   42.3710327813   45.9446070818  143.5562959171    9.2921830194   62.1337645883
   34.3087777338    2.1806278192  -75.9558000169  -24.4129764647  -37.1291447773  118.8634028835
  -58.0947194855   68.1648623375  -60.5776745562  -46.6021356661   70.3283207402   64.9716640298
   73.6213551856  -42.3711778247   45.9443370220  143.5563362217   -9.2922885327   62.1348249678
  -34.3079256680    2.1804259765   75.9550038912   24.4143118143  -37.1290442870 -118.8625778647
   44.6970239841  -41.0165068225  -21.6972892796  -35.5714100383  -33.7790775302   51.3989372239
  -28.3513620746  -43.1853971399  -34.7003186554  -90.3152558928   19.2464562470  -78.9305670979
  -41.7686578030  -24.3160468121   38.4155067682   46.3325095254 -138.1961420442  162.8463764545
  -44.6976742306  -41.0178231546   21.6974814611   35.5712439644  -33.7795517397  -51.3997511334
  -28.3516476559   43.1856933963  -34.7002693294  -90.3173542079  -19.2465148299  -78.9314808832
   41.7680671314  -24.3164411358  -38.4155497107  -46.3327093960 -138.1975214282 -162.8476301801
  -44.6969164738   41.0167967675   21.6971470829   35.5711146381   33.7796956164  -51.3988772072
   28.3514746375   43.1855315594   34.7002072534   90.3167720334  -19.2464762752   78.9306036935
   41.7683216156   24.3164294352  -38.4156260879  -46.3322148371  138.1961487185 -162.8458531645
   44.6978501072   41.0175348183  -21.6974739359  -35.5711721366   33.7791132437   51.3998094534
   28.3517726568  -43.1853711517   34.7000638916   90.3165520298   19.2466967453   78.9309948828
  -41.7683574756   24.3159641344   38.4157292751   46.3323643329  138.1970719119  162.8474209503
   31.8166200060  -95.2881168860  -56.9849944105    8.1611070356  -67.8250991291   59.7889116999
  -78.7147408542   36.6496055215  -38.2642579807 -176.0761571711   14.8562016963  -49.7892529241
  -60.4293568957  -13.2099499828  -42.7405322210  -32.5870619771  -37.0649357007  143.1643862592
  -31.8166498579  -95.2891280770   56.9849335055   -8.1605892646  -67.8247442745  -59.7890267405
  -78.7146569712  -36.6495874638  -38.2643735380 -176.0768568926  -14.8561406343  -49.7893713479
   60.4296658927  -13.2094050853   42.7402864370   32.5867174535  -37.0663190335 -143.1644258889
  -31.8165166112   95.2885138805   56.9854719035   -8.1615647756   67.8246926515  -59.7891947293
   78.7148394497  -36.6500483122   38.2644567233  176.0761821962  -14.8561929312   49.7893165023
   60.4294197297   13.2094482606   42.7403755025   32.5864375503   37.0653553934 -143.1645257266
   31.8162546632   95.2888716253  -56.9852397339    8.1601684630   67.8249349106   59.7890990714
   78.7147801811   36.6494275589   38.2645804563  176.0765349891   14.8561871303   49.7895375453
  -60.4299161587   13.2100031887  -42.7399006583  -32.5872802424   37.0658872489  143.1641939288
