   29.6495262218  -13.0667915946    3.0983054581   13.1335515674    0.5625250143   16.2493849257
  -11.9754015279   20.0445692321   -1.0803474112  -38.7388597230  -10.8817805884  -34.3108243707
    2.3025757423    2.7250143163   18.7426629887  -13.5772708568  -26.8308273683    5.8823213443
  -29.6492530814  -13.0666976641   -3.0983526233  -13.1332124099    0.5621118090  -16.2488109349
  -11.9751769499  -20.0444704872   -1.0802720816  -38.7385337029   10.8816407416  -34.3103004533
   -2.3027497169    2.7250805301  -18.7428949738   13.5770131147  -26.8310910180   -5.8822627902
  -29.6494596892   13.0667437393   -3.0983662501  -13.1334742505   -0.5625280389  -16.2489924578
   11.9753979744  -20.0445533917    1.0803960297   38.7386168005   10.8816613439   34.3101300323
   -2.3026336850   -2.7250468410  -18.7427738580   13.5771462410   26.8308331114   -5.8823542705
   29.6494464472   13.0667870937    3.0983783729   13.1334701915   -0.5624797546   16.2492055036
   11.9754217848   20.0445753852    1.0803058544   38.7386620442  -10.8816269921   34.3099990071
    2.3028025304   -2.7250196463   18.7427318127  -13.5770014928   26.8308754021    5.8832126730
   22.2231939890    1.7576490310   -8.1241429041   18.1508937480   -8.2826048544   19.6832335018
   12.7121469279    0.0948237831   -4.9257978399    8.7038031130   -1.9558895377    2.2533134991
   -4.4246313358   -1.5039493327    0.5874252151   -2.4886629963   -2.8951375292    1.0656536133
  -22.2234292826    1.7578205179    8.1240052343  -18.1512393742   -8.2826609941  -19.6826593756
   12.7121746579   -0.0948277454   -4.9258707310    8.7039808380    1.9558047299    2.2538416540
    4.4246228956   -1.5039851957   -0.5873488183    2.4886789733   -2.8950876735   -1.0661558773
  -22.2231525383   -1.7576306902    8.1241203969  -18.1509513544    8.2825066584  -19.6829631988
  -12.7119864396   -0.0948133961    4.9258110835   -8.7037734618    1.9559217291   -2.2536060452
    4.4245895207    1.5039068327   -0.5874308349    2.4887171542    2.8953359536   -1.0660122581
   22.2231431880   -1.7576588414   -8.1240775785   18.1509399854    8.2825870515   19.6829202870
  -12.7119845166    0.0948257717    4.9258126443   -8.7038033257   -1.9558752241   -2.2534435696
   -4.4246057252    1.5039258852    0.5874032444   -2.4886451817    2.8951682525    1.0660497555
   -1.1827432792    4.3209584588   -2.1098364255   -4.2108890880   -3.6072614742   -1.6599156759
   -0.3267543813    0.3509965041    0.1932792310   -8.3817649809   -3.9691807323  -11.5393067395
   -9.2055508298    2.8619151222    1.2310201879  -10.7263565184   -2.0541853051   -6.4515358588
    1.1826853032    4.3209454632    2.1097857900    4.2109836748   -3.6073704863    1.6599282014
   -0.3273521066   -0.3510153079    0.1931353133   -8.3818905073    3.9690376407  -11.5387611695
    9.2057857546    2.8619068629   -1.2309972022   10.7263032523   -2.0541162496    6.4512091317
    1.1827484715   -4.3209496161    2.1098354119    4.2108509845    3.6072757942    1.6598560356
    0.3267319442   -0.3509794512   -0.1931939766    8.3817744012    3.9691803049   11.5390479553
    9.2055499031   -2.8619323114   -1.2309998114   10.7262743109    2.0541596755    6.4513387480
   -1.1827534638   -4.3209572838   -2.1098828918   -4.2108430073    3.6072789098   -1.6597876364
    0.3268442045    0.3509933038   -0.1932011414    8.3817859564   -3.9692073994   11.5391970799
   -9.2056939581   -2.8619103291    1.2309848568  -10.7263609420    2.0542051034   -6.4513103266
    5.2374061522    2.5928694542   -2.2452151716    4.4200735897   -6.3730171890    3.8414844538
   -3.9672823166   -4.8194388887   -4.1139810023  -14.8484005334   -5.0459872720  -17.2823734530
   13.3034574409    1.5891501881   -1.2000018066   29.2443033171   -2.1514646598   28.5375002284
   -5.2374003040    2.5929246183    2.2451757301   -4.4199599211   -6.3730070400   -3.8413172768
   -3.9672964830    4.8194395324   -4.1140885335  -14.8483148752    5.0459999225  -17.2822183154
  -13.3034485003    1.5890667377    1.1999103640  -29.2446021620   -2.1512343603  -28.5377382342
   -5.2374068041   -2.5928393449    2.2452013541   -4.4200198816    6.3729239451   -3.8414819854
    3.9672794966    4.8194595641    4.1139703061   14.8484072735    5.0460866579   17.2824251865
  -13.3034459834   -1.5892001008    1.2000184005  -29.2446798538    2.1513581306  -28.5376068613
    5.2374023951   -2.5928891221   -2.2452113678    4.4202144409    6.3729287690    3.8422041160
    3.9672739665   -4.8194670940    4.1140379100   14.8483867548   -5.0460685410   17.2826424211
   13.3034699442   -1.5891376557   -1.1999632605   29.2445868558    2.1514053979   28.5377952570
  -25.2358882202    7.7986062136   11.9717844717   -8.8856460902    1.0212943425   -2.6963517135
    3.4183684991  -12.4446738950   -0.5181029187   11.6802803471   13.1003993979   -5.6428171075
    6.7415331270   -3.3451911222   -5.1513542867   10.5222605245   -3.0184504190   26.9137280907
   25.2359304537    7.7986046575  -11.9717872123    8.8856662332    1.0213272351    2.6963024577
    3.4183996295   12.4446984327   -0.5180969355   11.6803001185  -13.1003858409   -5.6430301953
   -6.7415151911   -3.3452350482    5.1513350925  -10.5222274814   -3.0184784122  -26.9132791138
   25.2358662929   -7.7985504317  -11.9717724589    8.8855925822   -1.0213726461    2.6962612430
   -3.4183520259   12.4447139667    0.5180986906  -11.6802848711  -13.1004047995    5.6429793430
   -6.7415035627    3.3452371100    5.1513518491  -10.5222610425    3.0184723317  -26.9133703114
  -25.2358547338   -7.7985945708   11.9717634258   -8.8856497247   -1.0213303530   -2.6961805914
   -3.4183865866  -12.4446912768    0.5180937041  -11.6802906488   13.1004112035    5.6429828301
    6.7414955606    3.3452203422   -5.1513506664   10.5222553935    3.0184709280   26.9134125940
   31.3391513305   -1.4257070970  -23.9379921304    9.0962017754    3.5418795819    5.1263907852
    2.1373187072   13.2305014420    3.8095872658  -14.8421199967  -19.4061953487  -10.8760971658
  -22.6244813882    5.0183197571   17.0541694113  -14.3506952624  -18.1589093206  -49.0146252236
  -31.3391572111   -1.4257171433   23.9380419645   -9.0960839892    3.5420314806   -5.1262740085
    2.1373336744  -13.2305310706    3.8095990393  -14.8421888891   19.4063195931  -10.8764642181
   22.6244980586    5.0183000869  -17.0541736423   14.3506356133  -18.1589420187   49.0146603770
  -31.3391403127    1.4257327566   23.9379827648   -9.0962187186   -3.5418902904   -5.1262615292
   -2.1373535708  -13.2304915984   -3.8095794491   14.8422168207   19.4061945849   10.8765653162
   22.6245395797   -5.0183279130  -17.0541558271   14.3507306365   18.1588783560   49.0143955968
   31.3391408457    1.4257227684  -23.9379755345    9.0960923156   -3.5418735920    5.1257612239
   -2.1373925045   13.2305151427   -3.8095660156   14.8421642197  -19.4062571742   10.8762121601
  -22.6246231844   -5.0183160686   17.0541744179  -14.3507617308   18.1588561820  -49.0144749776
    1.2408111111   11.4593827456  -24.0185737537    2.5938359729   -7.7290160553   -4.8154648773
    8.3354678903    8.2477182238  -13.2535482210   53.3278278378  -50.4412081515   26.7009959125
  -19.6624877923  -16.9717343339   -0.2797057732  -49.5900768336   22.3416008394 -108.2275118991
   -1.2408006336   11.4593329550   24.0186924188   -2.5939669354   -7.7291362350    4.8149662115
    8.3354533031   -8.2477206836  -13.2533871646   53.3278255586   50.4411177036   26.7000481455
   19.6624935465  -16.9716852449    0.2800188962   49.5903115045   22.3411863328  108.2267880581
   -1.2407838311  -11.4593857278   24.0186864373   -2.5939489808    7.7293235097    4.8151983500
   -8.3354585533   -8.2477015507   13.2534229500  -53.3279466344   50.4410151761  -26.7007061996
   19.6624701831   16.9717498380    0.2798876755   49.5903890491  -22.3413032903  108.2270933652
    1.2408077658  -11.4593609752  -24.0187056966    2.5938927138    7.7293049364   -4.8152542780
   -8.3354602399    8.2476926611   13.2533710889  -53.3278781911  -50.4410241190  -26.7008169298
  -19.6624715300   16.9717119300   -0.2799073651  -49.5902630512  -22.3413305129 -108.2270167226
   52.7345300401   -0.1834929900   11.1409529750    8.9951266492   -5.3868224840    9.7705026785
   -2.5890096721   17.0712714594  -10.1205321256   -3.8448217955   17.4667111757  -14.4614288201
    6.8254976500   -9.4312438226   17.7032692261    9.8004518593  -15.7289748812   40.4783231761
  -52.7345264766   -0.1835174163  -11.1408723800   -8.9951960352   -5.3866580460   -9.7710716370
   -2.5885676353  -17.0712872064  -10.1204473131   -3.8450421436  -17.4664577196  -14.4625905977
   -6.8256081360   -9.4312340578  -17.7032484727   -9.8005558564  -15.7291120292  -40.4785915683
  -52.7345060495    0.1834889106  -11.1409271251   -8.9951483063    5.3867852823   -9.7708327691
    2.5890407415  -17.0712595174   10.1205135647    3.8450198096  -17.4666099333   14.4622277751
   -6.8254698437    9.4312445707  -17.7032720532   -9.8005081437   15.7290488396  -40.4786495774
   52.7345045222    0.1834900350   11.1409319498    8.9951652225    5.3867783019    9.7707569080
    2.5891133426   17.0712706476   10.1205403017    3.8450511895   17.4666694258   14.4623952358
    6.8254552078    9.4312407792   17.7032169221    9.8004578202   15.7290195590   40.4785576371
   11.9774776265   25.2363885737   -1.9305015083    0.6992973426    0.6352206598   -2.6944492774
   20.0022069127   -3.0620295070   -0.3588753400   39.1040436451   -0.7285449787    7.9773965239
   -3.8502764920   -2.5792799397   -1.7846606294   -3.6841615492   11.6394915642   -9.7148407268
  -11.9775096324   25.2363769254    1.9304808005   -0.6992662907    0.6352645629    2.6945117603
   20.0022141226    3.0620009250   -0.3588643628   39.1039942118    0.7286167195    7.9773735174
    3.8502652327   -2.5792499093    1.7846604396    3.6842077293   11.6394813304    9.7147751183
  -11.9774855728  -25.2363814144    1.9305013000   -0.6992664145   -0.6352497429    2.6944611790
  -20.0022036392    3.0620171821    0.3588771749  -39.1040487928    0.7285560889   -7.9774011263
    3.8502774434    2.5793076548    1.7846630967    3.6842166982  -11.6394943703    9.7148510017
   11.9774560388  -25.2363903927   -1.9304541988    0.6992604796   -0.6352625209   -2.6946457082
  -20.0022122393   -3.0620163927    0.3588954322  -39.1040635246   -0.7285743840   -7.9775839452
   -3.8503201768    2.5792772045   -1.7846152109   -3.6841461787  -11.6395150474   -9.7149641638
   17.2950203508   20.0313415493   13.3393334966    7.4504620419    4.2206497121    7.0814081953
   11.5165293829    7.4318231307    0.1120837540   43.0364281190   32.2009101372   21.1125565734
    4.9960974495   -0.4643440314    9.7067824015   25.7292064568   30.1074324099   59.1271666434
  -17.2950510226   20.0313488454  -13.3393479115   -7.4503802588    4.2206094995   -7.0811896082
   11.5164002615   -7.4318061875    0.1121566465   43.0364436235  -32.2008788108   21.1125010586
   -4.9960364132   -0.4643515387   -9.7068708259  -25.7290963290   30.1074112986  -59.1267539240
  -17.2950058995  -20.0313421804  -13.3393769459   -7.4503763429   -4.2206118473   -7.0812077471
  -11.5165378948   -7.4318258217   -0.1121360668  -43.0364591132  -32.2009304591  -21.1125666564
   -4.9960965832    0.4643623746   -9.7068251825  -25.7291387691  -30.1074347465  -59.1268789237
   17.2950045546  -20.0313403857   13.3393772804    7.4503828947   -4.2206223471    7.0812396503
  -11.5166680505    7.4318161473   -0.1121545146  -43.0364748237   32.2009234092  -21.1126471571
    4.9962811551    0.4643509764    9.7067874098   25.7291797744  -30.1074531065   59.1269313411
  -28.8325403322    8.1081320939   -5.1848352764  -14.4119243792   -1.4605995644   -8.8032153385
    3.1929433616  -16.3257792392   -2.9115407417    8.0881335074   -8.5924469654   -8.0723454433
   -4.0741376532   -0.5174885222  -14.7124709288   -7.6283823320   -5.5369470881  -27.4481834159
   28.8325388478    8.1080736972    5.1847635684   14.4119392355   -1.4604139596    8.8032759016
    3.1929684369   16.3257809336   -2.9114712793    8.0881616251    8.5923769490   -8.0724296062
    4.0741344120   -0.5174684090   14.7125257438    7.6284528284   -5.5370130141   27.4480034211
   28.8325453662   -8.1081683603    5.1847584231   14.4118517259    1.4604974222    8.8032227414
   -3.1929568546   16.3257675397    2.9114634733   -8.0881103415    8.5923056786    8.0725024204
    4.0741658731    0.5175169572   14.7125095513    7.6284898779    5.5369793547   27.4479921567
  -28.8325448563   -8.1081230135   -5.1847602652  -14.4119337855    1.4605070165   -8.8032836365
   -3.1929514809  -16.3257799545    2.9114764828   -8.0881008352   -8.5923637480    8.0725681971
   -4.0741551090    0.5174830489  -14.7125032310   -7.6284137694    5.5369933153  -27.4480195840
   -7.0667595032  -11.7986357097    1.4442179152   -7.8639649705    0.2503800873   -6.9791652173
   -7.6247171020   -9.3516014055   -0.5221328777  -61.0303672827    0.4224302573  -16.2437647733
    0.5215045982   -2.2179607561   -3.3540642752    1.8174879322  -25.9047407056    9.4224488369
    7.0668048683  -11.7986291957   -1.4441147794    7.8637062523    0.2506110983    6.9785916426
   -7.6247665918    9.3515984756   -0.5219317213  -61.0305087051   -0.4224396105  -16.2440745007
   -0.5215470730   -2.2179985062    3.3540704012   -1.8174991214  -25.9047612026   -9.4221527099
    7.0667640685   11.7985987520   -1.4441884643    7.8639298268   -0.2504283624    6.9788402569
    7.6246802434    9.3515850226    0.5220887173   61.0303333853   -0.4224262263   16.2438881831
   -0.5215398001    2.2179733624    3.3539972688   -1.8174890969   25.9047223044   -9.4221776970
   -7.0667720692   11.7986195539    1.4441362373   -7.8638689539   -0.2504820040   -6.9788996055
    7.6246989212   -9.3515976118    0.5220945373   61.0303674407    0.4224472790   16.2438798367
    0.5215226046    2.2179631252   -3.3539849773    1.8174563232   25.9047375166    9.4221772632
  -93.6626099399  -19.4508645550   24.0578584725  -20.6341012430    9.7063300537  -22.6736196120
  -15.0682061504  -29.3883844035    7.4268650194  -39.8423710705   14.2026548650  -15.7559555205
   15.3826797176    5.1705301720  -31.4153244374    9.0698165539  -22.0225578261   27.9924329825
   93.6625975596  -19.4510497295  -24.0577754335   20.6341318343    9.7062775479   22.6732873889
  -15.0681899501   29.3883154619    7.4268435980  -39.8423914527  -14.2025694863  -15.7557932746
  -15.3827261380    5.1705989902   31.4152946790   -9.0698150932  -22.0225377597  -27.9922461731
   93.6624612877   19.4508595806  -24.0578053173   20.6341192912   -9.7062418813   22.6735264972
   15.0681113365   29.3883496876   -7.4268534474   39.8424369491  -14.2026343055   15.7558776351
  -15.3826965935   -5.1705365415   31.4153175133   -9.0697791392   22.0224515032  -27.9923662201
  -93.6624303592   19.4508664561   24.0577799548  -20.6341018651   -9.7062685189  -22.6734264002
   15.0681057402  -29.3883764744   -7.4268466010   39.8423646331   14.2025756337   15.7557998550
   15.3826872631   -5.1705275774  -31.4152907154    9.0698209893   22.0225249220   27.9922609983
