    0.7650203532    0.4224432034    0.0495695332
    0.4747337614    0.7015938486   -0.0519407928
    0.1074020441   -0.0181305989    1.2978101778
    0.7650222962   -0.4224380000    0.0495790699
   -0.4747341358    0.7015945393    0.0519586461
    0.1074013678    0.0181332714    1.2978070562
    0.7650221011    0.4224403467    0.0495792024
    0.4747356050    0.7015922872   -0.0519548489
    0.1074024442   -0.0181291994    1.2978107006
    0.7650226032   -0.4224398087    0.0495787386
   -0.4747345760    0.7015915038    0.0519530405
    0.1074021606    0.0181298076    1.2978076590
    2.1927799639    0.3773264905   -0.3941553109
    0.3675261334    1.6812684151   -0.2459451956
   -0.0881176571   -0.1410185400    1.7064754931
    2.1927766229   -0.3773361725   -0.3941478670
   -0.3675249309    1.6812739426    0.2459327697
   -0.0881169381    0.1410206214    1.7064840594
    2.1927771399    0.3773366293   -0.3941472037
    0.3675242579    1.6812758721   -0.2459330175
   -0.0881165695   -0.1410254346    1.7064885907
    2.1927774635   -0.3773353198   -0.3941469052
   -0.3675246150    1.6812732861    0.2459337103
   -0.0881161820    0.1410203909    1.7064890858
    1.6528723749    0.1463436586    0.1144310887
   -0.0111880766    1.7749393169   -0.0021426107
    0.0179700105    0.2095838050    1.6467021858
    1.6528702634   -0.1463430538    0.1144293134
    0.0111895928    1.7749384648    0.0021404890
    0.0179675869   -0.2095839192    1.6467045875
    1.6528728259    0.1463436062    0.1144305923
   -0.0111897533    1.7749384103   -0.0021429462
    0.0179691664    0.2095837640    1.6467021079
    1.6528699562   -0.1463435042    0.1144323591
    0.0111891173    1.7749386616    0.0021416933
    0.0179703216   -0.2095837739    1.6467017018
    1.6340520748   -0.0828427689    0.1006605653
    0.0050445165    1.6192531179   -0.3030775665
    0.0615110357   -0.2109894751    2.2671736428
    1.6340521158    0.0828410698    0.1006531279
   -0.0050442841    1.6192511745    0.3030642762
    0.0615110401    0.2109900417    2.2671692088
    1.6340521286   -0.0828426982    0.1006536840
    0.0050437138    1.6192526362   -0.3030651357
    0.0615120925   -0.2109906295    2.2671674039
    1.6340521493    0.0828420516    0.1006544595
   -0.0050434137    1.6192525359    0.3030667116
    0.0615120850    0.2109908370    2.2671679439
   -0.7493024800   -0.2932878512   -0.0284763423
   -0.3069804723   -0.6001608891   -0.0876560761
   -0.0618311695   -0.1376369656   -0.5776047224
   -0.7493014826    0.2932884202   -0.0284756181
    0.3069801189   -0.6001608636    0.0876581508
   -0.0618313327    0.1376372683   -0.5776070111
   -0.7493018283   -0.2932871270   -0.0284760925
   -0.3069801698   -0.6001600820   -0.0876586957
   -0.0618314894   -0.1376361980   -0.5776073855
   -0.7493024585    0.2932881650   -0.0284760305
    0.3069807694   -0.6001608432    0.0876579650
   -0.0618313478    0.1376371410   -0.5776078912
   -0.4354824433    0.1645401202   -0.2565478416
    0.1371779568   -0.6253076672    0.3368837304
   -0.1884941972    0.2527937467   -0.4493562065
   -0.4354827419   -0.1645417738   -0.2565482696
   -0.1371781471   -0.6253093740   -0.3368827962
   -0.1884934520   -0.2527941555   -0.4493502911
   -0.4354825667    0.1645388691   -0.2565488419
    0.1371778357   -0.6253071794    0.3368831468
   -0.1884932295    0.2527937885   -0.4493503658
   -0.4354826029   -0.1645399299   -0.2565489098
   -0.1371779404   -0.6253074109   -0.3368824885
   -0.1884933356   -0.2527936307   -0.4493486748
   -0.5549844332    0.0499100052   -0.1297999323
   -0.0196029702   -0.8211266127    0.5693747824
    0.0021558734    0.4224764923   -1.8686686894
   -0.5549846580   -0.0499081669   -0.1298007100
    0.0196031255   -0.8211262106   -0.5693804462
    0.0021557356   -0.4224770664   -1.8686750360
   -0.5549848038    0.0499103146   -0.1298028099
   -0.0196027051   -0.8211252832    0.5693805261
    0.0021555449    0.4224755073   -1.8686745483
   -0.5549846124   -0.0499091572   -0.1298027792
    0.0196025482   -0.8211271104   -0.5693808357
    0.0021551686   -0.4224776053   -1.8686744506
   -0.3979994387    0.1789339520    0.1552580168
    0.0629539140   -0.7282921298   -0.3300588310
    0.0767226943   -0.2657034907   -0.3826047288
   -0.3979997907   -0.1789344576    0.1552589408
   -0.0629544321   -0.7282917460    0.3300612372
    0.0767227140    0.2657034988   -0.3826069785
   -0.3979997152    0.1789335681    0.1552582243
    0.0629532636   -0.7282925614   -0.3300587748
    0.0767218293   -0.2657039892   -0.3826039039
   -0.3979989950   -0.1789336177    0.1552579574
   -0.0629533857   -0.7282920557    0.3300592732
    0.0767212539    0.2657037035   -0.3826052528
   -0.3479136409   -0.0305241523   -0.1073290981
   -0.0127614456   -0.5424549431    0.0425933917
   -0.1102891774   -0.0323406530   -0.9855755622
   -0.3479132224    0.0305244708   -0.1073297276
    0.0127617651   -0.5424551267   -0.0425949533
   -0.1102878849    0.0323415057   -0.9855771756
   -0.3479138030   -0.0305246554   -0.1073292262
   -0.0127610517   -0.5424546156    0.0425944734
   -0.1102891669   -0.0323411653   -0.9855758413
   -0.3479132305    0.0305243116   -0.1073303148
    0.0127606811   -0.5424548014   -0.0425929949
   -0.1102905721    0.0323407298   -0.9855741247
   -0.5667976296   -0.1736215390   -0.1951341484
   -0.2054662587   -0.8779778375   -0.4440762471
   -0.2972485720   -0.4653796929   -0.9724257701
   -0.5667957330    0.1736216128   -0.1951333641
    0.2054659289   -0.8779777418    0.4440776541
   -0.2972478218    0.4653795669   -0.9724261375
   -0.5667976562   -0.1736216303   -0.1951339872
   -0.2054660526   -0.8779775671   -0.4440762629
   -0.2972485042   -0.4653796242   -0.9724257001
   -0.5667958412    0.1736214767   -0.1951344545
    0.2054659050   -0.8779777552    0.4440766771
   -0.2972481350    0.4653797587   -0.9724264518
   -0.6609581720   -0.1784146774    0.1495950059
   -0.2115092020   -0.5284869407    0.3100701840
    0.1087973165    0.2464254897   -0.7395550830
   -0.6609573902    0.1784146967    0.1495924565
    0.2115093897   -0.5284868745   -0.3100695807
    0.1087975802   -0.2464267264   -0.7395598479
   -0.6609577516   -0.1784156401    0.1495928367
   -0.2115088024   -0.5284909609    0.3100685395
    0.1087970271    0.2464280569   -0.7395591455
   -0.6609579078    0.1784147746    0.1495929025
    0.2115090325   -0.5284871893   -0.3100692093
    0.1087970303   -0.2464262811   -0.7395594897
   -0.9129996341    0.0522474921    0.1098211579
    0.1790198312   -0.2495592451   -0.0317236314
    0.1188851493    0.0106459179   -0.3405544758
   -0.9130004094   -0.0522534633    0.1098222903
   -0.1790200355   -0.2495580020    0.0317282141
    0.1188849155   -0.0106439333   -0.3405543394
   -0.9130011555    0.0522542605    0.1098212123
    0.1790202453   -0.2495579721   -0.0317257406
    0.1188850033    0.0106444854   -0.3405535025
   -0.9130004486   -0.0522539279    0.1098218364
   -0.1790209625   -0.2495580215    0.0317254357
    0.1188850761   -0.0106442684   -0.3405545713
   -1.6182870276   -0.6722998764    0.4321057036
   -0.5156096859   -0.8036876258    0.1985820258
    0.2525367028    0.2103095199   -0.6018086340
   -1.6182857208    0.6723089843    0.4321018000
    0.5156080642   -0.8036925735   -0.1985771794
    0.2525362119   -0.2103108356   -0.6018131413
   -1.6182849613   -0.6723096851    0.4321016868
   -0.5156084694   -0.8036918827    0.1985762811
    0.2525363699    0.2103108513   -0.6018183168
   -1.6182860460    0.6723101040    0.4321020226
    0.5156089012   -0.8036923169   -0.1985761677
    0.2525361822   -0.2103117154   -0.6018181577
