  -47.0426843318   11.4212678802   -3.2894940361   30.9544678431   -0.9661202810  -12.5370201967
    0.4905144261   13.4980642767    8.7213523424   16.5545990525   17.5558562456   -5.5046672351
  -13.8730676481    0.3237165295    4.0631899259   12.4930902811   11.2615196305  -26.7494487329
   47.0417957658   11.4208224248    3.2896955932  -30.9535935619   -0.9664084880   12.5371061001
    0.4911143650  -13.4972713433    8.7231041039   16.5556433950  -17.5552249284   -5.5037305898
   13.8722497686    0.3237086925   -4.0629311153  -12.4932944551   11.2629708917   26.7500987675
   47.0430486443  -11.4207087717    3.2911323999  -30.9539711776    0.9661203796   12.5379846348
   -0.4907801780  -13.4973303099   -8.7230721060  -16.5556336912  -17.5557257081    5.5039897786
   13.8713389512   -0.3238048140   -4.0631329979  -12.4926648548  -11.2619561576   26.7495059322
  -47.0427434507  -11.4207279652   -3.2901604837   30.9538048919    0.9659422847  -12.5378573585
   -0.4909935054   13.4973347293   -8.7229165939  -16.5552325161   17.5557229068    5.5042598723
  -13.8728468830   -0.3238650740    4.0625915358   12.4923549782  -11.2616939179  -26.7489515905
  -36.1719243470    9.2620134190  -32.8332750686   -9.7815874381    1.8517810153  -26.9951336026
   24.1623132369    9.8366624486    1.9879443115  -12.7168859441   -6.4655540026   39.4849664190
  -37.0719882567    4.6698309954  -15.8496964841  -23.8949909693   29.7306768783   51.5046027733
   36.1726313206    9.2621807708   32.8335165226    9.7804484517    1.8507693357   26.9948905333
   24.1615965328   -9.8356972641    1.9880603551  -12.7155859876    6.4664191095   39.4853214957
   37.0726155307    4.6695730736   15.8493946243   23.8921214035   29.7295319770  -51.5040539873
   36.1725885432   -9.2616818680   32.8330255925    9.7814313299   -1.8516965623   26.9946383558
  -24.1618190524   -9.8374338690   -1.9861403617   12.7156394459    6.4656538895  -39.4850990406
   37.0723004873   -4.6699902923   15.8499545805   23.8934938134  -29.7300918893  -51.5044962300
  -36.1724868176   -9.2619898479  -32.8335763841   -9.7815406902   -1.8516961286  -26.9948579392
  -24.1623888993    9.8367246239   -1.9879341340   12.7163642669   -6.4656323534  -39.4853544242
  -37.0722191859   -4.6699412797  -15.8495074856  -23.8934000198  -29.7298522866   51.5042195406
  -67.7772803678   11.2829921165  -18.7876690875  -89.9212543533   16.5678232386  -35.5150669317
   -2.0202973698  -15.2375711435   10.3935126316  164.8348933433   -7.4265128808   11.6152925419
  -65.0850799029   23.6463020052   15.6269432632  -38.9287287084    7.2927924531 -104.0760234433
   67.7771098702   11.2831195736   18.7883799332   89.9215774749   16.5679112285   35.5147292906
   -2.0199794491   15.2376476185   10.3934332511  164.8350141903    7.4261366125   11.6153443905
   65.0847006951   23.6460817911  -15.6269700772   38.9301705465    7.2935486465  104.0754928316
   67.7773361931  -11.2830781387   18.7877692167   89.9214109624  -16.5677774431   35.5153362780
    2.0203830607   15.2376506246  -10.3934560727 -164.8352439019    7.4260296028  -11.6151018070
   65.0847988716  -23.6462359710  -15.6270362056   38.9300327515   -7.2935590720  104.0751597237
  -67.7778532111  -11.2833552139  -18.7887053993  -89.9212681706  -16.5677925783  -35.5151483310
    2.0199802285  -15.2370022306  -10.3945359973 -164.8342805535   -7.4261747404  -11.6150811968
  -65.0843408173  -23.6461185416   15.6271963028  -38.9299502438   -7.2933970699 -104.0755484944
 -188.8379453555  -35.6221575924    5.2902828251  -60.0483232915   -8.4606518046  -66.2007949331
  -38.7152795252  -19.0076161347    3.2801848724  103.6005185168   16.4544321587   -4.3645833580
   63.1920444522    0.2614512854  -28.3243006566   96.9711818867   -6.6319059218   32.2213688658
  188.8380903337  -35.6216610277   -5.2904657223   60.0484154872   -8.4612182830   66.2007158464
  -38.7148294449   19.0068411095    3.2793448681  103.6014563598  -16.4542310030   -4.3645701607
  -63.1917321749    0.2606785595   28.3237770639  -96.9710127366   -6.6313928770  -32.2213509437
  188.8383587885   35.6218231378   -5.2905375020   60.0482111184    8.4611667619   66.2007458951
   38.7149576214   19.0068296260   -3.2793184083 -103.6011743143  -16.4543356643    4.3645811416
  -63.1918964881   -0.2607455115   28.3237942751  -96.9708791247    6.6314202295  -32.2215481117
 -188.8381177547   35.6218373157    5.2905760204  -60.0485001850    8.4612594627  -66.2002349114
   38.7148744027  -19.0068203296   -3.2793181294 -103.6008266236   16.4544356617    4.3643400252
   63.1917430946   -0.2608146263  -28.3238226262   96.9711257449    6.6316071980   32.2213388093
 -134.8385317709  -20.7547096795   14.1595824358  -80.4005946868   -3.2953401871  -73.6316760551
    1.5724727732  -22.9891674371    6.1380646228   22.3338576695  -10.3105961707    2.1546168126
    6.4202960652    6.7197379359  -47.6194590213  -38.1562345005  -14.9850449119    1.8670061269
  134.8384983409  -20.7547213142  -14.1598816394   80.4006798436   -3.2950323691   73.6318657226
    1.5724234153   22.9888826096    6.1379793667   22.3331262697   10.3105072837    2.1545338014
   -6.4203998221    6.7197672101   47.6198537813   38.1568536886  -14.9860278304   -1.8670126258
  134.8385339458   20.7547866271  -14.1597981607   80.4004069414    3.2952090304   73.6317136001
   -1.5724179369   22.9889587131   -6.1381413828  -22.3336135030   10.3106702083   -2.1545894772
   -6.4202432594   -6.7197797388   47.6196656975   38.1563851212   14.9851979667   -1.8668149674
 -134.8384109255   20.7546736496   14.1599207950  -80.4005185386    3.2953272398  -73.6318712799
   -1.5723588153  -22.9889967307   -6.1380561159  -22.3337529866  -10.3107069657   -2.1545992406
    6.4200816874   -6.7196275462  -47.6196378245  -38.1563687669   14.9850698134    1.8668468919
   63.9889255198   12.2124804076  -24.7819113224   -5.0983984346   -1.0857197892   -6.9966032219
   10.1323112446   -9.7784239030   -5.5123759942   -5.3596552445  -33.0949543406   -1.7831592469
  -77.8732234661   -5.2458257741   -7.3257142258  -94.7169857832   -4.7041594896  -94.7001228462
  -63.9883798721   12.2122278758   24.7818792273    5.0987761322   -1.0864306301    6.9962392504
   10.1322133613    9.7784473206   -5.5124613988   -5.3607763811   33.0938238982   -1.7837481034
   77.8734606902   -5.2456471965    7.3258898613   94.7172205532   -4.7051068695   94.6998494532
  -63.9891355443  -12.2123655151   24.7818882835    5.0985231660    1.0862126073    6.9962517396
  -10.1326828474    9.7784062995    5.5123593161    5.3608464929   33.0939572132    1.7834851996
   77.8727799159    5.2456814630    7.3257324658   94.7172011692    4.7049973970   94.7000570247
   63.9889492934  -12.2125156022  -24.7818931759   -5.0984789632    1.0861863907   -6.9963315506
  -10.1321650291   -9.7783926379    5.5123120081    5.3605009291  -33.0939518837    1.7834626279
  -77.8728811353    5.2458177816   -7.3258056659  -94.7173581714    4.7048669865  -94.7001787213
  -50.1632095846    1.0462861118   35.8431141197  -29.4887696918    0.9911910630  -24.0360848199
    4.2882691330  -27.0463248111   -3.7290172373 -137.8472091352   20.9049578728  -12.0411193166
   59.8903410064  -18.7116813499  -32.3816194027   26.6599476941  -12.6170590869   78.3169403447
   50.1625341831    1.0460712726  -35.8429904907   29.4886984912    0.9913171057   24.0365504446
    4.2879634897   27.0463377696   -3.7288848261 -137.8477751785  -20.9050592406  -12.0409721000
  -59.8897529754  -18.7115160034   32.3815520242  -26.6597135037  -12.6171982827  -78.3173444301
   50.1629913292   -1.0465239196  -35.8432560328   29.4889147582   -0.9912526347   24.0360026840
   -4.2881416709   27.0464795512    3.7294419978  137.8477162326  -20.9048903427   12.0412142364
  -59.8888548686   18.7115386855   32.3815121616  -26.6597980512   12.6172330367  -78.3166735524
  -50.1624903659   -1.0463041378   35.8431326542  -29.4888919232   -0.9912917665  -24.0361617224
   -4.2882248171  -27.0461701151    3.7285450052  137.8471665434   20.9048419411   12.0410826793
   59.8899964637   18.7115728916  -32.3815617413   26.6601631721   12.6170502288   78.3170683468
 -107.8723861147   -0.2625531786   -8.8616046120  -55.0136360850   -0.2964021872  -38.3923437061
   -7.0553003954  -39.0684111034   -4.6337738106 -146.7172885178  -19.5341572925  -23.3253251892
   -5.2060777861   -3.4591143256  -19.6774720393  -17.2330433944   -8.2109127225 -106.7746141796
  107.8721816632   -0.2626452934    8.8613537409   55.0135958481   -0.2964332003   38.3922752728
   -7.0547856671   39.0673521804   -4.6337483170 -146.7179821838   19.5342349433  -23.3254038927
    5.2059058906   -3.4590328148   19.6775742362   17.2332131025   -8.2108463683  106.7746254493
  107.8724492434    0.2625317719    8.8614913050   55.0134704731    0.2964837631   38.3923789659
    7.0554503196   39.0683621884    4.6337438317  146.7178789606   19.5343438071   23.3252936233
    5.2061185786    3.4591241604   19.6775076452   17.2332379993    8.2108850445  106.7746580271
 -107.8724431650    0.2625847117   -8.8615215474  -55.0135060228    0.2965634261  -38.3922380538
    7.0556069925  -39.0683523261    4.6337680014  146.7176949948  -19.5343158373   23.3253197335
   -5.2061674794    3.4591577991  -19.6774618755  -17.2333706222    8.2108363758 -106.7746560523
